LF:
  x: 0.0
  y: 0.10099001360362928
  z: -0.9100005704108496
RF:
  x: 0.0
  y: -0.10100001360362929
  z: -0.9100005704108496
LH:
  x: -0.05
  y: 0.7637999999999999
  z: 0.2625
RH:
  x: -0.05
  y: -0.7637999999999999
  z: 0.2625
